             0.200    0.250    0.300    0.337    0.400    0.488    0.515    0.550    0.633    0.694    0.860    1.060    1.300    1.536    1.800    2.000    2.250    2.500    2.700    3.000    3.200    3.392    3.500    3.750    4.000    4.500    5.000
       0.00  0.1 0.1 0.1 0.1 0.1 0.1 0.1 0.1 0.1 0.1 0.1 0.1 0.1 0.1 0.1 0.1 0.1 0.1 0.1 0.1 0.1 0.1 0.1 0.1 0.1 0.1 0.1
       2.00  0.0025 0.0025 0.0025 0.0025 0.0025 0.0025 0.0025 0.0025 0.0025 0.0025 0.0025 0.0025 0.0025 0.0025 0.0025 0.0025 0.0025 0.0025 0.0025 0.0025 0.0025 0.0025 0.0025 0.0025 0.0025 0.0025 0.0025
      12.00  0.000218 0.000218 0.000218 0.000218 0.000218 0.000218 0.000218 0.000218 0.000218 0.000218 0.000218 0.000218 0.000218 0.000218 0.000218 0.000218 0.000218 0.000218 0.000218 0.000218 0.000218 0.000218 0.000218 0.000218 0.000218 0.000218 0.000218
      20.00  0.0003	 0.0003	 0.0003	 0.0003	 0.0003	 0.0003	 0.0003	 0.0003	 0.0003	 0.0003	 0.0003	 0.0003	 0.0003	 0.0003	 0.0003	 0.0003	 0.0003	 0.0003	 0.0003	 0.0003	 0.0003	 0.0003	 0.0003	 0.0003	 0.0003	 0.0003	 0.0003	
      30.00  0.00E-00 0.00E-00 0.00E-00 0.00E-00 0.00E-00 0.00E-00 0.00E-00 0.00E-00 0.00E-00 0.00E-00 0.00E-00 0.00E-00 0.00E-00 0.00E-00 0.00E-00 0.00E-00 0.00E-00 0.00E-00 0.00E-00 0.00E-00 0.00E-00 0.00E-00 0.00E-00 0.00E-00 0.00E-00 0.00E-00 0.00E-00
      100.00  0.00E-00 0.00E-00 0.00E-00 0.00E-00 0.00E-00 0.00E-00 0.00E-00 0.00E-00 0.00E-00 0.00E-00 0.00E-00 0.00E-00 0.00E-00 0.00E-00 0.00E-00 0.00E-00 0.00E-00 0.00E-00 0.00E-00 0.00E-00 0.00E-00 0.00E-00 0.00E-00 0.00E-00 0.00E-00 0.00E-00 0.00E-00
       0.00   0.655 0.775 0.884 0.902 0.901 0.898 0.897 0.891 0.883 0.879 0.841 0.804 0.774 0.750 0.753 0.783 0.761 0.746 0.548 0.673 0.764 0.751 0.779 0.785 0.775 0.735 0.728
      12.00   1.0   1.0   1.0   1.0   1.0   1.0   1.0   1.0   1.0   1.0   1.0   1.0   1.0   0.998 0.989 0.969 0.942 0.844 0.698 0.097 0.073 0.070 0.073 0.078 0.070 0.051 0.034
      30.00   1.0   1.0   1.0   1.0   1.0   1.0   1.0   1.0   1.0   1.0   1.0   1.0   1.0   1.0   1.0   1.0   1.0   1.0   1.0   1.0   1.0   1.0   1.0   1.0   1.0   1.0   1.0                         
      100.00   1.0   1.0   1.0   1.0   1.0   1.0   1.0   1.0   1.0   1.0   1.0   1.0   1.0   1.0   1.0   1.0   1.0   1.0   1.0   1.0   1.0   1.0   1.0   1.0   1.0   1.0   1.0                                                   
