x y z
x0
0 6391 0
3.87515 6383 0
8.72069 6372.99 0
9.69001 6370.99 0
10.6654 6372.99 0
15.5414 6382.98 0
19.4408 6390.97 0
24.3136 6400.95 0
x1
0 6391 0
3.87515 6383 0
8.72069 6372.99 0
9.69001 6370.99 0
10.6654 6372.99 0
15.5414 6382.98 0
19.4408 6390.97 0
24.3136 6400.95 0
x2
0 6391 0
3.87515 6383 0
8.72069 6372.99 0
9.69001 6370.99 0
10.6654 6372.99 0
15.5414 6382.98 0
19.4408 6390.97 0
24.3136 6400.95 0
x0
0 6391 0
3.87515 6383 0
8.72069 6372.99 0
9.69001 6370.99 0
10.6654 6372.99 0
15.5414 6382.98 0
19.4408 6390.97 0
24.3136 6400.95 0
x1
0 6391 0
3.87515 6383 0
8.72069 6372.99 0
9.69001 6370.99 0
10.6654 6372.99 0
15.5414 6382.98 0
19.4408 6390.97 0
24.3136 6400.95 0
x2
0 6391 0
3.87515 6383 0
8.72069 6372.99 0
9.69001 6370.99 0
10.6654 6372.99 0
15.5414 6382.98 0
19.4408 6390.97 0
24.3136 6400.95 0
x0
0 6391 0
3.87515 6383 0
8.72069 6372.99 0
9.69001 6370.99 0
10.6654 6372.99 0
15.5414 6382.98 0
19.4408 6390.97 0
24.3136 6400.95 0
x1
0 6391 0
3.87515 6383 0
8.72069 6372.99 0
9.69001 6370.99 0
10.6654 6372.99 0
15.5414 6382.98 0
19.4408 6390.97 0
24.3136 6400.95 0
x2
0 6391 0
3.87515 6383 0
8.72069 6372.99 0
9.69001 6370.99 0
10.6654 6372.99 0
15.5414 6382.98 0
19.4408 6390.97 0
24.3136 6400.95 0
x0
0 6391 0
3.87515 6383 0
8.72069 6372.99 0
9.69001 6370.99 0
10.6654 6372.99 0
15.5414 6382.98 0
19.4408 6390.97 0
24.3136 6400.95 0
x1
0 6391 0
3.87515 6383 0
8.72069 6372.99 0
9.69001 6370.99 0
10.6654 6372.99 0
15.5414 6382.98 0
19.4408 6390.97 0
24.3136 6400.95 0
x2
0 6391 0
3.87515 6383 0
8.72069 6372.99 0
9.69001 6370.99 0
10.6654 6372.99 0
15.5414 6382.98 0
19.4408 6390.97 0
24.3136 6400.95 0
x0
0 6391 0
3.87515 6383 0
8.72069 6372.99 0
9.69001 6370.99 0
10.6654 6372.99 0
15.5414 6382.98 0
19.4408 6390.97 0
24.3136 6400.95 0
x1
0 6391 0
3.87515 6383 0
8.72069 6372.99 0
9.69001 6370.99 0
10.6654 6372.99 0
15.5414 6382.98 0
19.4408 6390.97 0
24.3136 6400.95 0
x2
0 6391 0
3.87515 6383 0
8.72069 6372.99 0
9.69001 6370.99 0
10.6654 6372.99 0
15.5414 6382.98 0
19.4408 6390.97 0
24.3136 6400.95 0