   4 952.6240  950.7291  954.5197  0.9584    0.7980
  0.1403996E+00  0.2632159E+00  0.2632159E+00  0.1403996E+00
    0.0    1.0  0.1440804E+00  0.3697714E+00  0.1003415E+01  0.7274397E+01
    1.0    2.0  0.8324043E-01  0.2165576E+00  0.6062962E+00  0.4627386E+01
    2.0    3.0  0.4475855E-01  0.1173114E+00  0.3390762E+00  0.2693190E+01
    3.0    4.0  0.2240453E-01  0.5913194E-01  0.1753680E+00  0.1464098E+01
    4.0    5.0  0.1116062E-01  0.2967615E-01  0.8941364E-01  0.7755023E+00
    5.0    6.0  0.5479085E-02  0.1472571E-01  0.4472362E-01  0.4083347E+00
    6.0    7.0  0.2943011E-02  0.8013442E-02  0.2454766E-01  0.2359887E+00
    7.0    8.0  0.1536256E-02  0.4241268E-02  0.1301703E-01  0.1358108E+00
    8.0    9.0  0.7662062E-03  0.2148889E-02  0.6606894E-02  0.7505893E-01
    9.0   10.0  0.3754281E-03  0.1057198E-02  0.3287873E-02  0.3940517E-01
   10.0   11.0  0.1557682E-03  0.4378708E-03  0.1373404E-02  0.1724277E-01
   11.0   12.0  0.4600851E-04  0.1269928E-03  0.4019704E-03  0.5362982E-02
   12.0   13.0  0.1280681E-04  0.3181845E-04  0.9628651E-04  0.1340056E-02
   13.0   14.0  0.5906983E-05  0.1096720E-04  0.2711401E-04  0.3832635E-03
   14.0   15.0  0.4842806E-05  0.7517441E-05  0.1527071E-04  0.2025719E-03
   15.0   16.0  0.4256618E-05  0.6024058E-05  0.1049919E-04  0.1274276E-03
   16.0   17.0  0.4085270E-05  0.5515394E-05  0.8752726E-05  0.9854970E-04
   17.0   18.0  0.4310541E-05  0.5571215E-05  0.7916351E-05  0.7608756E-04
   18.0   19.0  0.5191813E-05  0.6467877E-05  0.8180505E-05  0.6055333E-04
   19.0   20.0  0.6104496E-05  0.7400504E-05  0.8726614E-05  0.5021990E-04
   20.0   25.0  0.6632454E-05  0.7704330E-05  0.8809903E-05  0.3422992E-04
   25.0   30.0  0.5670522E-05  0.6372646E-05  0.7188464E-05  0.1633318E-04
   30.0   35.0  0.3616840E-05  0.4037783E-05  0.4500818E-05  0.7981819E-05
   35.0   40.0  0.1910454E-05  0.2124772E-05  0.2347335E-05  0.3852605E-05
   40.0   45.0  0.7256294E-06  0.8071677E-06  0.8920214E-06  0.1662758E-05
   45.0   50.0  0.2229991E-06  0.2484282E-06  0.2763977E-06  0.7115102E-06
   50.0   60.0  0.6313385E-07  0.7041737E-07  0.7854720E-07  0.2704318E-06
   60.0   70.0  0.8578498E-08  0.9559379E-08  0.1066096E-07  0.5564669E-07
   70.0   90.0  0.7028985E-09  0.7835090E-09  0.8735195E-09  0.6943315E-08
   90.0  100.0  0.7028985E-09  0.7835090E-09  0.8735195E-09  0.6943315E-08
